training,low_recharge,low_search,low_wait,high_search,high_wait
1,                        6.105774189370787e-59,                        4.2098869612784044e-59,                        1.6523144396367736e-58,                        3.640798758724202e-59,                        5.1368873363210976e-59
2,                        1.8058418220602597e-13,                        2.1651774183312498e-13,                        1.4990134193077034e-12,                        1.1688850393049591e-13,                        6.447049796645265e-14
3,                        1.8591161766727174e-24,                        1.742646524664696e-25,                        4.64453614126495e-25,                        1.938218981266185e-25,                        4.825520666463614e-25
4,                        1.9463517018574516e-11,                        5.134687003505056e-12,                        1.1350314557236921e-11,                        5.336170100457514e-12,                        1.468168088449483e-11
5,                        8.157350018494093e-13,                        3.5236360647846006e-13,                        2.076449220202132e-12,                        2.8486462504054725e-13,                        4.293769909773432e-13
6,                        9.016503258559439e-54,                        5.371992618730624e-54,                        1.889198170948315e-53,                        4.393218689613549e-54,                        4.5087690211013157e-54
7,                        1.0778714759076065e-74,                        9.085748813738331e-75,                        4.2625520747805776e-74,                        7.119980820589816e-75,                        5.826958577526779e-75
8,                        1.9233218735529464e-20,                        9.289698106920737e-21,                        7.379791579437869e-20,                        8.730612399127892e-21,                        1.1180721927813664e-20
9,                        8.988330711432057e-70,                        3.410237581176887e-70,                        2.4229541160560864e-69,                        3.905169751876457e-70,                        6.586931396140795e-70
10,                        4.257889099335323e-61,                        2.2734213422333615e-61,                        1.1970272976106576e-60,                        2.1336932996513862e-61,                        3.0963079123367306e-61
11,                        1.1144529202083329e-25,                        2.766109903565429e-26,                        8.921112803523337e-26,                        2.0651302962330914e-26,                        3.8090414496631244e-26
12,                        3.4838597249882756e-67,                        1.1854870133638953e-67,                        9.35817964624776e-67,                        1.5016013533253507e-67,                        2.1072593064608548e-67
13,                        6.83055189055378e-66,                        2.91538241573435e-66,                        1.3298175185668547e-65,                        3.0322290765345094e-66,                        6.132101516949845e-66
14,                        2.4915773267517458e-27,                        5.348724434738907e-28,                        3.895295590926306e-27,                        6.405965127196316e-28,                        8.359615820659555e-28
15,                        2.4624262620921897e-60,                        1.2839144151723928e-60,                        9.616514906905341e-60,                        9.531237767179051e-61,                        3.1672247368244186e-60
16,                        2.4883101500233762e-60,                        3.5351348931103194e-60,                        2.1697710772605165e-59,                        4.1646235789626454e-60,                        1.407534997412275e-60
17,                        4.859902630980679e-10,                        1.421964067617004e-10,                        1.0019028728546656e-09,                        1.1633441032341641e-10,                        2.383901970703416e-10
18,                        4.040291907613729e-59,                        6.796508096071255e-60,                        9.425667692378401e-60,                        5.734949656223978e-60,                        5.146348878939211e-60
19,                        1.028009562706527e-30,                        3.257492600657885e-31,                        1.3986694042778328e-30,                        3.661439159828777e-31,                        4.488264477201199e-31
20,                        1.0213322428301957e-11,                        3.470711083983885e-12,                        6.616224471889246e-12,                        2.9133681822186754e-12,                        7.480603610959076e-12
21,                        2.2938396740716115e-57,                        7.671383115942212e-58,                        2.665302389658279e-57,                        6.591528719741713e-58,                        3.9634412607816105e-58
22,                        7.440468462607152e-62,                        1.2379959645313616e-61,                        6.299292112075566e-61,                        8.588223910941214e-62,                        2.9168481369278837e-62
23,                        9.709648911745466e-70,                        3.1274989949339956e-70,                        2.1749669944603196e-69,                        3.356513000897889e-70,                        5.6453832774460964e-70
24,                        2.469451624024578e-14,                        2.2646017718714836e-14,                        6.17901998370877e-14,                        2.1005887297397812e-14,                        5.362834435093e-14
25,                        1.136237559280045e-11,                        2.405372353378912e-12,                        5.476735578552658e-12,                        2.214154747591716e-12,                        4.565149782543258e-12
26,                        3.5154624702921746e-65,                        4.507446222301378e-65,                        2.2463270647840807e-64,                        3.0031496055565814e-65,                        3.3531656608384755e-65
27,                        1.6038125945465778e-57,                        8.306844173259943e-58,                        4.40850564344513e-57,                        4.508711382133375e-58,                        5.368049901553974e-58
28,                        1.635785608784236e-13,                        8.83490229430592e-14,                        4.928878322310185e-13,                        8.748608052526763e-14,                        2.2117664880275864e-13
29,                        1.0947950134491153e-61,                        7.826706529548897e-62,                        3.902201920035205e-61,                        7.646307876509272e-62,                        8.172263673123324e-62
30,                        5.444237800485402e-13,                        1.1906318357982103e-13,                        4.123285453893531e-13,                        1.1219472743002855e-13,                        2.0980811668730465e-13
31,                        5.246858788154295e-15,                        1.1245430995327393e-15,                        1.9074946304595463e-15,                        9.609828238255224e-16,                        1.3074663145588272e-15
32,                        3.567428684084741e-66,                        7.168374605259332e-67,                        2.0097861154488361e-66,                        6.358767899745657e-67,                        4.774883916386811e-67
33,                        2.0919014442954557e-64,                        8.210864551073924e-65,                        2.44459007657348e-64,                        6.135516209180387e-65,                        3.700676793105839e-65
34,                        7.517083595152611e-09,                        1.8060026062742495e-09,                        3.5817175241828956e-09,                        1.7158102739016933e-09,                        3.3519909756720673e-09
35,                        2.60345890642813e-69,                        1.6289766891294e-69,                        1.1386715108203666e-68,                        1.3733324079293508e-69,                        2.6212258957089735e-69
36,                        7.286380094911725e-07,                        1.6700604683668293e-07,                        2.9533530740185267e-07,                        1.4714181274163885e-07,                        3.9638978250293293e-07
37,                        1.3176515480545962e-60,                        1.6618523146448875e-60,                        7.236480304290343e-60,                        1.1196434443903568e-60,                        1.2249302580958224e-60
38,                        2.0525402553063682e-60,                        1.0497707589286032e-60,                        5.028393545296112e-60,                        1.0181760159111177e-60,                        1.2021874859592395e-60
39,                        5.964499511557721e-53,                        2.3865198021409167e-53,                        1.1167413607003138e-52,                        2.241395617247382e-53,                        1.8972102634794772e-53
40,                        4.683367092881354e-62,                        2.076175722293889e-62,                        1.0529001147319046e-61,                        1.2763885133286324e-62,                        1.7738488815308519e-62
41,                        1.3519470068417026e-11,                        1.3348196498371978e-11,                        8.650002708313904e-11,                        1.713967927044638e-11,                        6.929604308430398e-12
42,                        1.0318516286564704e-13,                        1.5594193668654998e-13,                        9.051023046159457e-13,                        9.503998793899503e-14,                        6.978503439449627e-14
43,                        3.22432551677302e-51,                        1.156046168376973e-51,                        6.367377035379804e-51,                        1.0594960604501286e-51,                        1.1400187026847164e-51
44,                        6.193698934595713e-41,                        5.462884129017191e-41,                        2.71510751287628e-40,                        3.7439862610431494e-41,                        3.327125170869782e-41
45,                        2.8071619020823053e-19,                        3.8250872293875107e-20,                        9.107576059617865e-20,                        3.305104692615481e-20,                        4.650249634396893e-20
46,                        6.661460162753401e-50,                        3.4610399348293855e-50,                        1.2612224513992513e-49,                        3.128030170020291e-50,                        4.2624559821058073e-50
47,                        5.507258484772936e-66,                        2.5693222876167727e-66,                        2.1235876638813456e-65,                        2.103209945655201e-66,                        4.775260008251759e-66
48,                        1.5217967909380355e-28,                        4.5869350413341607e-29,                        1.7486919187104592e-28,                        6.298430142757604e-29,                        6.80839608868657e-29
49,                        1.1771613969324754e-12,                        2.786854542556814e-13,                        4.595154839929002e-13,                        2.034110302947522e-13,                        6.915476435306346e-13
50,                        1.1928347540338735e-20,                        8.904188842474697e-21,                        6.807531145625014e-20,                        8.447000881950894e-21,                        1.54041458608549e-20
